strucuture: 
16 256 2400 1600 800 400 400 400 200 200 100 4 
Average score: 425.58
std_dev: 192.369913448
Average score: 110.08
std_dev: 68.5308222627
468 128 276 64 736 256 540 128 482 128 562 128 196 32 436 128 478 128 438 128 
574 128 264 64 300 64 382 128 420 128 504 128 528 128 268 64 540 128 254 64 
232 32 566 128 274 64 388 128 502 128 504 128 300 64 680 128 148 32 264 64 
512 128 152 32 698 256 274 64 294 64 1372 512 560 128 424 128 430 128 510 128 
394 128 540 128 192 32 916 256 446 128 196 32 672 128 274 64 402 128 536 128 
302 64 804 256 420 128 292 64 512 128 426 128 452 128 474 128 272 64 398 128 
796 256 510 128 410 128 212 32 180 32 544 128 272 64 346 64 536 128 870 256 
410 128 526 128 180 32 326 64 332 64 436 128 326 64 504 128 196 32 276 64 
212 32 434 128 330 64 276 64 448 128 550 128 356 64 584 128 138 32 554 128 
800 256 218 32 134 32 324 64 480 128 546 128 268 64 330 64 494 128 244 64 