strucuture: 
16 256 2400 1600 800 400 400 200 200 100 4 
Average score: 412.02
std_dev: 228.019559687
Average score: 117.6
std_dev: 90.2086470356
448 128 258 64 366 128 212 64 198 32 176 32 696 256 304 64 164 32 158 32 
814 256 198 32 702 256 314 64 538 128 1264 512 814 256 282 64 434 128 142 32 
276 64 576 128 404 128 930 256 384 128 124 16 756 256 340 64 432 128 268 64 
564 128 304 64 286 64 454 128 512 128 490 128 282 64 298 64 674 256 292 64 
464 128 182 32 896 256 306 64 260 64 292 64 746 256 1368 512 232 64 534 128 
294 64 170 32 410 128 488 128 488 128 668 256 430 128 288 64 402 128 310 64 
778 256 500 128 738 256 540 128 232 64 156 32 566 128 250 64 394 128 238 64 
284 64 184 32 274 64 460 128 242 64 226 64 372 128 338 64 278 64 252 64 
302 64 154 32 182 32 428 128 312 64 736 256 274 64 460 128 640 256 218 64 
392 128 688 256 496 128 154 32 314 64 302 64 250 64 396 128 466 128 380 128 