strucuture: 
16 256 2400 1600 800 400 400 200 200 100 4 
Average score: 303.14
std_dev: 117.77852266
Average score: 79.36
std_dev: 42.5082392014
474 128 172 32 146 32 222 64 256 64 228 64 254 64 152 32 416 128 300 64 
208 32 440 128 212 64 374 128 146 32 474 128 108 16 580 128 472 128 162 32 
164 32 266 64 250 64 180 32 258 64 430 128 446 128 420 128 276 64 250 64 
178 32 238 64 368 128 204 32 158 32 490 128 442 128 468 128 510 128 286 64 
244 64 288 64 304 64 296 64 392 128 172 32 364 64 256 64 344 128 286 64 
384 128 424 128 280 64 148 32 260 64 258 64 304 64 308 64 234 64 442 128 
184 32 320 64 168 32 440 128 410 128 242 64 232 64 262 64 386 128 460 128 
148 32 242 64 424 128 172 32 194 32 154 32 314 64 396 128 244 64 500 128 
582 128 246 64 260 64 404 128 156 32 398 128 236 64 490 128 268 64 418 128 
234 32 282 64 274 64 244 64 354 128 186 32 404 128 196 32 98 16 626 256 