strucuture: 
16 256 2400 1600 800 400 200 200 100 4 
Average score: 289.78
std_dev: 121.08902345
Average score: 72.16
std_dev: 40.7604514205
248 64 300 64 488 128 304 64 390 128 254 64 408 128 274 64 458 128 354 64 
276 64 308 64 388 128 272 64 142 32 168 32 242 64 340 64 476 128 142 32 
176 32 180 32 186 32 286 64 228 64 522 128 230 64 254 64 224 64 278 64 
246 64 168 32 472 128 504 128 144 32 144 32 492 128 454 128 386 128 248 64 
134 32 108 16 266 64 432 128 270 64 262 64 218 32 218 32 394 128 178 32 
338 128 428 128 286 64 326 64 202 32 174 32 132 32 170 32 170 32 166 32 
272 64 154 32 222 32 148 32 328 64 268 64 442 128 280 64 288 64 132 32 
246 64 302 64 402 128 94 16 186 32 274 64 576 128 340 64 264 64 290 64 
160 32 458 128 138 32 414 128 242 64 248 64 466 128 472 128 272 64 266 64 
440 128 282 64 276 64 250 64 278 64 686 256 232 64 602 128 106 16 256 64 