strucuture: 
16 256 2400 1600 800 400 200 200 100 4 
Average score: 293.7
std_dev: 126.250346534
Average score: 72.48
std_dev: 44.366762334
498 128 384 128 260 64 490 128 224 64 320 64 220 64 328 64 272 64 240 64 
224 32 498 128 396 128 422 128 264 64 406 128 418 128 156 32 256 64 362 64 
310 64 398 128 430 128 232 64 238 64 230 64 246 64 230 32 118 16 228 64 
184 32 272 64 318 64 284 64 494 128 172 32 174 32 304 64 174 32 134 32 
264 64 262 64 286 64 306 64 182 32 132 32 128 16 306 64 162 32 398 128 
364 64 264 64 546 128 476 128 168 32 110 16 572 128 174 32 148 32 124 16 
156 32 296 64 272 64 334 64 170 32 232 64 254 64 708 256 508 128 112 16 
264 64 260 64 270 64 444 128 268 64 558 128 282 64 210 32 254 64 268 64 
450 128 248 64 210 32 284 64 474 128 416 128 172 32 138 32 242 64 180 32 
194 32 138 32 618 256 492 128 352 64 330 64 158 32 462 128 258 64 254 64 