strucuture: 
16 256 2400 1600 800 400 400 200 200 100 4 
Average score: 435.1
std_dev: 179.185127731
Average score: 115.52
std_dev: 63.1779201937
682 128 184 32 484 128 382 64 576 128 442 128 502 128 478 128 298 64 170 32 
206 32 708 256 480 128 394 128 492 128 384 128 186 32 774 256 260 64 358 128 
244 64 416 128 514 128 306 64 378 64 566 128 324 64 690 256 338 64 762 256 
620 128 328 64 714 256 464 128 144 32 402 128 476 128 554 128 500 128 406 128 
238 64 168 32 370 128 228 64 426 128 170 32 576 128 546 128 322 64 750 256 
428 128 248 64 636 128 306 64 512 128 668 256 516 128 482 128 508 128 310 64 
160 32 236 64 276 64 656 256 190 32 552 128 376 128 490 128 272 64 416 128 
404 128 382 128 642 128 468 128 298 64 248 64 178 32 290 64 192 32 386 128 
534 128 456 128 274 64 190 32 196 32 486 128 954 256 572 128 566 128 500 128 
468 128 822 256 904 256 306 64 362 64 756 256 466 128 508 128 644 128 440 128 