strucuture: 
16 256 2400 1600 800 400 200 200 100 4 
Average score: 506.42
std_dev: 188.303434913
Average score: 139.84
std_dev: 74.7259954768
334 64 698 256 528 128 582 128 374 128 460 128 766 256 492 128 318 64 510 128 
378 128 376 64 870 256 486 128 426 128 774 256 184 32 472 128 538 128 356 128 
510 128 480 128 460 128 864 256 304 64 292 64 564 128 450 128 794 256 426 128 
488 128 202 32 494 128 250 64 862 256 284 64 496 128 742 256 330 64 274 64 
704 256 480 128 708 256 272 64 498 128 490 128 760 256 582 128 270 64 780 256 
420 128 454 128 192 32 646 128 298 64 532 128 584 128 498 128 598 128 290 64 
442 128 630 128 466 128 406 128 684 128 488 128 1342 512 682 256 456 128 438 128 
588 128 456 128 350 64 542 128 412 128 754 256 612 128 360 128 652 128 294 64 
284 64 564 128 414 128 408 128 780 256 304 64 288 64 694 256 734 256 646 128 
344 64 508 128 452 128 328 64 530 128 256 64 466 128 816 256 734 256 494 128 