strucuture: 
16 256 2400 1600 800 400 400 400 200 200 100 4 
Average score: 550.18
std_dev: 225.011127725
Average score: 144.64
std_dev: 81.141298979
386 128 466 128 502 128 606 128 376 64 882 256 250 64 992 256 504 128 292 64 
1420 512 544 128 472 128 932 256 510 128 274 64 806 256 494 128 490 128 676 256 
860 256 346 64 612 128 268 64 534 128 350 64 916 256 476 128 580 128 306 64 
374 64 504 128 1010 256 460 128 310 64 832 256 140 32 814 256 358 64 790 256 
408 128 782 256 474 128 822 256 434 128 572 128 932 256 838 256 506 128 348 64 
822 256 376 64 840 256 474 128 314 64 224 32 846 256 648 128 474 128 408 64 
442 128 524 128 566 128 220 64 322 64 940 256 568 128 502 128 484 128 566 128 
478 128 670 128 266 64 302 64 392 64 330 64 354 64 540 128 576 128 346 64 
298 64 734 256 792 256 818 256 260 64 824 256 784 256 430 128 640 128 374 64 
536 128 314 64 598 128 504 128 918 256 500 128 494 128 508 128 480 128 568 128 