strucuture: 
16 256 2400 1600 800 400 400 200 200 100 4 
Average score: 494.46
std_dev: 243.445904463
Average score: 131.2
std_dev: 83.5071254445
764 256 414 64 490 128 1034 256 178 32 162 32 742 256 284 64 506 128 792 256 
502 128 584 128 536 128 1002 256 482 128 470 128 494 128 968 256 272 64 428 128 
232 32 524 128 898 256 528 128 168 32 290 64 268 32 240 64 450 128 750 256 
316 64 338 64 338 64 944 256 510 128 480 128 460 128 250 64 304 64 274 64 
258 64 276 64 434 128 600 128 390 128 292 64 754 256 280 64 476 128 392 64 
454 128 328 64 334 64 524 128 968 256 736 256 852 256 818 256 244 64 444 128 
330 64 884 256 398 128 456 128 458 128 222 64 622 128 248 32 466 128 558 128 
534 128 328 64 318 64 838 256 534 128 500 128 202 32 186 32 466 128 532 128 
276 64 1470 512 420 128 220 32 920 256 286 64 510 128 346 64 750 256 854 256 
346 64 806 256 374 128 374 128 616 128 416 128 268 64 594 128 830 256 170 32 