strucuture: 
16 256 2400 1600 800 400 200 200 100 4 
Average score: 487.86
std_dev: 245.89888247
Average score: 134.4
std_dev: 93.9514768378
840 256 502 128 272 64 302 64 376 64 408 64 272 64 366 64 274 64 460 128 
268 64 422 128 452 128 310 64 238 64 486 128 828 256 794 256 904 256 816 256 
462 128 406 128 536 128 330 64 284 64 758 256 524 128 544 128 456 128 276 64 
344 64 412 128 202 32 340 64 1412 512 486 128 162 32 888 256 720 256 790 256 
942 256 240 64 376 128 688 256 314 64 470 128 314 64 234 64 502 128 286 64 
502 128 272 64 540 128 752 256 792 256 174 32 540 128 344 64 310 64 468 64 
198 32 580 128 718 256 230 32 522 128 304 64 766 256 298 64 344 128 494 128 
450 128 358 64 370 64 310 64 292 64 814 256 390 128 394 128 730 256 694 256 
342 64 326 64 966 256 268 64 1334 512 262 64 770 256 884 256 946 256 302 64 
154 32 374 64 854 256 344 64 540 128 384 64 408 128 330 64 370 128 390 128 