strucuture: 
16 256 2400 1600 800 400 200 200 100 4 
Average score: 535.5
std_dev: 257.265368831
Average score: 143.84
std_dev: 96.5714989011
464 128 568 128 326 64 186 32 866 256 472 128 326 64 368 64 282 64 530 128 
344 64 604 128 474 128 296 64 940 256 524 128 448 128 554 128 298 64 696 256 
846 256 298 64 614 128 616 128 694 128 488 128 302 64 814 256 468 128 512 128 
304 64 514 128 504 128 902 256 738 256 832 256 508 128 392 64 490 128 376 64 
632 128 208 32 714 256 844 256 444 128 498 128 358 64 1294 512 552 128 406 128 
204 32 290 64 448 128 476 128 328 64 1030 256 466 128 1380 512 374 64 216 32 
506 128 232 64 446 128 542 128 536 128 530 128 466 128 508 128 514 128 514 128 
854 256 424 128 584 128 554 128 804 256 128 16 760 256 736 256 724 256 696 256 
1492 512 404 64 378 128 330 64 872 256 306 64 502 128 756 256 160 32 510 128 
578 128 332 64 998 256 290 64 1102 256 286 64 456 128 460 128 156 32 184 32 