strucuture: 
16 256 2400 1600 800 400 400 200 200 100 4 
Average score: 587.04
std_dev: 257.249370067
Average score: 158.08
std_dev: 88.6602143016
494 128 808 256 510 128 668 128 756 256 352 64 196 32 438 128 582 128 328 64 
856 256 536 128 402 128 438 128 1014 256 980 256 540 128 328 64 444 128 158 32 
888 256 792 256 460 128 938 256 926 256 346 64 762 256 578 128 274 64 476 128 
630 256 482 128 434 128 604 128 888 256 412 128 912 256 526 128 496 128 654 128 
554 128 298 64 820 256 248 64 436 128 274 64 288 64 904 256 996 256 464 128 
810 256 474 128 1492 512 746 256 1370 512 892 256 852 256 600 128 302 64 474 128 
562 128 614 128 418 128 582 128 272 64 518 128 320 64 422 128 782 256 320 64 
476 128 598 128 480 128 892 256 288 64 500 128 502 128 796 256 368 128 520 128 
566 128 866 256 396 128 460 128 1046 256 166 32 472 128 884 256 562 128 1070 256 
358 64 994 256 630 128 782 256 594 128 154 32 388 64 490 128 680 128 316 64 