strucuture: 
16 256 2400 1600 800 400 400 200 200 100 4 
Average score: 474.2
std_dev: 255.198981189
Average score: 128.96
std_dev: 91.2370451078
178 32 456 128 270 64 162 32 644 256 246 64 1492 512 464 128 394 128 312 64 
234 64 340 64 516 128 514 128 274 64 528 128 480 128 732 256 314 64 958 256 
214 32 326 64 730 256 360 128 300 64 982 256 238 64 500 128 466 128 950 256 
384 64 700 128 464 128 282 64 302 64 260 64 418 64 274 64 784 256 918 256 
448 128 502 128 278 64 310 64 292 64 326 64 200 32 800 256 382 128 254 64 
282 64 276 64 1000 256 144 32 446 128 754 256 494 128 446 128 132 32 254 32 
484 128 798 256 344 128 254 32 450 128 394 128 284 64 328 64 388 128 316 64 
1204 512 284 64 264 64 564 128 184 32 322 64 810 256 252 64 262 64 478 128 
510 128 546 128 980 256 284 64 500 128 338 64 842 256 822 256 314 64 828 256 
292 64 764 256 498 128 484 128 1044 256 442 128 468 128 500 128 458 128 462 128 