strucuture: 
16 256 2400 1600 800 400 400 400 200 200 100 4 
Average score: 565.06
std_dev: 208.096987965
Average score: 155.84
std_dev: 82.9108822773
446 128 856 256 460 128 616 128 320 64 462 128 550 128 280 64 510 128 678 128 
750 256 578 128 476 128 804 256 854 256 718 256 540 128 290 64 498 128 846 256 
250 32 522 128 474 128 448 64 240 32 376 64 308 64 664 128 326 64 802 256 
474 128 870 256 754 256 790 256 276 64 742 256 622 256 688 256 428 128 808 256 
288 64 920 256 890 256 400 128 620 128 358 64 336 64 614 128 418 64 504 128 
474 128 544 128 760 256 440 128 402 64 452 128 796 256 234 64 618 128 706 256 
748 256 556 128 436 128 780 256 1058 256 542 128 586 128 644 256 184 32 916 256 
482 128 342 64 574 128 632 128 696 256 684 256 792 256 408 128 782 256 1324 512 
446 128 870 256 618 128 480 128 432 128 534 128 452 128 384 128 734 256 518 128 
272 64 924 256 292 64 456 128 452 128 328 64 612 128 648 128 376 64 344 64 