strucuture: 
16 256 2400 1600 800 400 200 200 100 4 
Average score: 584.36
std_dev: 274.231928119
Average score: 160.16
std_dev: 102.662039723
682 256 764 256 512 128 700 256 798 256 272 64 460 128 870 256 472 128 560 128 
572 128 520 128 564 128 608 128 478 128 522 128 858 256 488 128 980 256 720 256 
472 128 432 128 528 128 380 64 326 64 904 256 840 256 600 128 402 64 892 256 
292 64 1442 512 460 128 820 256 536 128 352 64 386 64 572 128 310 64 524 128 
254 64 408 128 734 256 308 64 754 256 344 64 302 64 288 64 718 256 814 256 
506 128 776 256 126 16 530 128 1040 256 508 128 414 128 476 128 914 256 508 128 
148 32 482 128 482 128 1056 256 1280 512 330 64 286 64 242 64 448 128 916 256 
934 256 374 64 372 64 1540 512 362 64 226 32 638 128 542 128 550 128 264 64 
774 256 996 256 796 256 386 128 842 256 586 128 338 64 552 128 526 128 486 128 
556 128 514 128 832 256 458 128 524 128 546 128 268 64 1462 512 668 128 262 64 