strucuture: 
16 256 2400 1600 800 400 400 400 200 200 100 4 
Average score: 352.7
std_dev: 171.24167133
Average score: 93.76
std_dev: 60.3783272375
656 256 188 32 306 64 186 32 206 32 396 128 928 256 264 64 274 64 246 64 
236 64 790 256 124 16 424 128 424 128 152 32 496 128 448 128 210 64 512 128 
286 64 362 64 390 128 388 128 302 64 318 64 476 128 234 64 250 64 248 64 
168 32 460 128 208 32 272 64 164 32 242 64 924 256 358 128 308 64 226 64 
262 64 480 128 460 128 472 128 188 32 192 32 402 128 360 128 146 32 352 128 
136 32 398 128 302 64 184 32 524 128 476 128 294 64 192 32 442 128 248 64 
192 32 592 128 474 128 250 64 162 32 246 64 384 128 288 64 520 128 258 64 
326 64 474 128 744 256 282 64 280 64 350 64 576 128 296 64 208 32 464 128 
784 256 534 128 272 64 738 256 266 64 234 64 228 64 266 64 240 64 454 128 
282 64 424 128 236 64 122 16 192 32 292 64 688 256 480 128 424 128 188 32 