strucuture: 
16 256 2400 1600 800 400 200 200 100 4 
Average score: 522.24
std_dev: 210.445865723
Average score: 136.64
std_dev: 75.7062111058
492 128 706 256 434 128 490 128 666 256 328 64 298 64 468 128 606 128 544 128 
528 128 480 128 732 256 760 256 874 256 512 128 600 128 782 256 432 128 288 64 
552 128 516 128 814 256 716 128 726 256 654 128 568 128 282 64 872 256 824 256 
464 128 456 128 616 128 462 128 598 128 914 256 560 128 470 128 618 128 304 64 
846 256 584 128 278 64 464 128 426 128 472 128 876 256 408 128 172 32 588 128 
480 128 742 256 472 128 222 32 158 32 298 64 536 128 746 256 576 128 374 64 
602 128 574 128 232 32 362 64 262 64 568 128 446 128 488 128 344 64 436 128 
222 32 346 64 524 128 296 64 532 128 1530 512 446 128 652 128 264 64 506 128 
476 128 538 128 456 128 996 256 540 128 412 128 200 32 592 128 446 128 532 128 
316 64 602 128 330 64 528 128 272 64 424 128 232 32 832 256 304 64 840 256 