strucuture: 
16 256 2400 1600 800 400 400 200 200 100 4 
Average score: 539.66
std_dev: 257.323773484
Average score: 152.96
std_dev: 87.3230691169
566 128 708 256 790 256 456 128 1042 256 312 64 484 128 1364 512 536 128 948 256 
360 64 1066 256 934 256 430 128 950 256 198 32 644 128 226 64 812 256 800 256 
442 128 906 256 574 128 462 128 934 256 458 128 476 128 336 64 766 256 454 128 
304 64 760 256 854 256 490 128 400 128 592 128 532 128 148 32 430 128 228 64 
456 128 372 128 502 128 134 16 254 64 752 256 502 128 924 256 410 128 460 128 
534 128 734 256 654 256 456 128 262 64 360 64 442 128 734 256 512 128 192 32 
424 128 216 64 474 128 506 128 640 256 886 256 496 128 812 256 372 128 390 128 
466 128 280 64 544 128 270 64 230 64 330 64 460 128 794 256 948 256 768 256 
724 256 996 256 464 128 780 256 1000 256 916 256 150 32 430 128 304 64 190 32 
290 64 744 256 764 256 428 128 314 64 102 16 296 64 476 128 238 64 236 64 