strucuture: 
16 256 2400 1600 800 400 400 400 200 200 100 4 
Average score: 615.18
std_dev: 244.616122936
Average score: 171.52
std_dev: 92.69179899
290 64 492 128 362 64 492 128 964 256 782 256 722 256 688 256 548 128 280 64 
350 64 912 256 348 64 1028 256 498 128 1610 512 798 256 608 128 750 256 834 256 
644 256 856 256 486 128 360 64 524 128 884 256 876 256 878 256 508 128 428 128 
490 128 530 128 512 128 316 64 506 128 474 128 846 256 316 64 284 64 904 256 
864 256 838 256 302 64 272 64 470 128 690 128 1262 512 468 128 810 256 886 256 
696 256 368 64 488 128 600 128 540 128 566 128 536 128 616 128 772 256 512 128 
460 128 418 128 522 128 556 128 350 64 404 128 550 128 622 128 350 64 938 256 
416 128 582 128 808 256 518 128 508 128 548 128 244 64 536 128 844 256 454 128 
418 128 448 128 838 256 1092 256 310 64 516 128 872 256 564 128 796 256 744 256 
408 128 1416 512 500 128 672 128 760 256 536 128 448 128 784 256 520 128 714 256 