strucuture: 
16 256 2400 1600 800 400 400 400 200 200 100 4 
Average score: 518.94
std_dev: 238.304923155
Average score: 140.8
std_dev: 88.3339119478
918 256 486 128 448 128 540 128 556 128 288 64 232 64 956 256 486 128 276 64 
348 64 326 64 846 256 402 64 458 128 328 64 836 256 820 256 616 128 478 128 
176 32 290 64 824 256 600 128 150 32 574 128 442 64 308 64 506 128 534 128 
514 128 856 256 314 64 794 256 772 256 458 128 474 128 832 256 752 256 376 64 
436 128 368 128 588 128 928 256 574 128 314 64 708 256 396 128 462 128 476 128 
342 128 554 128 476 128 540 128 1324 512 486 128 540 128 868 256 480 128 428 128 
278 64 468 128 442 128 238 64 596 128 730 256 266 64 478 128 744 256 276 64 
462 128 302 64 200 32 224 32 386 128 392 128 560 128 488 128 162 32 278 64 
530 128 294 64 1316 512 492 128 920 256 1080 256 442 128 258 64 820 256 396 64 
926 256 550 128 208 32 774 256 510 128 496 128 326 64 234 64 500 128 374 64 