strucuture: 
16 256 2400 1600 800 400 400 400 200 200 100 4 
Average score: 485.96
std_dev: 208.671029134
Average score: 131.2
std_dev: 81.7410545564
892 256 536 128 532 128 348 64 102 16 300 64 596 256 702 256 818 256 422 128 
874 256 152 32 744 256 590 128 596 128 718 256 888 256 126 16 566 128 464 128 
560 128 596 128 632 256 490 128 304 64 168 32 326 64 798 256 692 128 568 128 
380 64 388 128 484 128 288 64 822 256 258 64 460 128 534 128 650 128 522 128 
316 64 796 256 812 256 502 128 598 128 600 128 474 128 308 64 688 256 242 64 
580 128 520 128 430 128 578 128 540 128 454 128 526 128 288 64 470 128 236 64 
348 64 316 64 680 128 260 64 328 64 472 128 644 256 412 128 356 64 192 32 
254 64 286 64 678 256 678 256 264 64 310 64 320 64 450 128 142 32 276 64 
530 128 404 128 800 256 1296 512 372 64 262 64 392 128 194 32 794 256 332 64 
278 64 462 128 730 256 486 128 648 128 488 128 368 64 596 128 266 64 388 64 