strucuture: 
16 256 2400 1600 800 400 200 200 100 4 
Average score: 495.74
std_dev: 188.32326569
Average score: 134.72
std_dev: 73.8493168553
270 64 504 128 552 128 706 256 476 128 500 128 648 128 200 32 410 128 284 64 
358 128 604 128 522 128 530 128 492 128 782 256 468 128 348 64 808 256 872 256 
370 64 258 64 248 64 676 128 460 128 478 128 662 256 468 128 256 64 206 64 
582 128 794 256 1172 512 806 256 694 128 400 128 358 64 654 256 392 128 298 64 
414 128 400 128 512 128 350 64 238 64 750 256 784 256 282 64 386 128 520 128 
394 128 420 128 716 256 720 256 282 64 400 128 390 128 598 128 262 64 308 64 
504 128 556 128 380 64 456 128 306 64 380 64 638 128 256 64 588 128 288 64 
334 64 816 256 246 64 346 64 312 64 534 128 512 128 460 128 590 128 490 128 
372 128 490 128 550 128 462 128 462 128 594 128 504 128 328 64 598 128 808 256 
920 256 624 128 952 256 632 128 396 128 676 256 274 64 530 128 434 128 284 64 