strucuture: 
16 256 2400 1600 800 400 400 200 200 100 4 
Average score: 471.98
std_dev: 192.745945742
Average score: 130.88
std_dev: 72.8441184997
418 128 272 64 890 256 504 128 816 256 458 128 478 128 502 128 588 128 280 64 
292 64 432 128 322 64 440 128 242 32 552 128 502 128 792 256 392 64 352 64 
432 128 152 32 390 128 846 256 288 64 492 128 304 64 378 128 546 128 392 128 
346 128 316 64 378 128 528 128 776 256 810 256 1300 512 444 128 528 128 248 64 
542 128 498 128 312 64 532 128 550 128 468 128 268 64 444 128 460 128 278 64 
600 128 504 128 494 128 550 128 830 256 504 128 258 64 896 256 744 256 416 128 
282 64 488 128 502 128 832 256 848 256 264 64 306 64 582 128 710 256 324 64 
384 128 500 128 458 128 438 128 706 256 288 64 304 64 256 64 248 64 472 128 
414 128 394 128 500 128 390 128 416 128 272 64 406 128 480 128 284 64 456 128 
486 128 484 128 734 256 254 64 146 32 742 256 318 64 238 64 566 128 460 128 