strucuture: 
16 256 2400 1600 800 400 400 400 200 200 100 4 
Average score: 558.04
std_dev: 299.157748354
Average score: 150.4
std_dev: 101.142276027
556 128 172 32 290 64 966 256 834 256 1028 256 282 64 446 128 392 128 250 64 
296 64 308 64 288 64 834 256 902 256 716 128 524 128 274 64 938 256 808 256 
248 64 448 128 754 256 460 128 480 128 450 128 500 128 558 128 502 128 588 128 
502 128 564 128 280 64 256 64 488 128 950 256 438 128 414 128 932 256 582 128 
884 256 486 128 284 64 488 128 844 256 902 256 526 128 376 64 440 128 318 64 
606 128 908 256 504 128 554 128 294 64 718 256 470 128 604 128 808 256 450 128 
244 32 456 128 586 128 472 128 1024 256 312 64 454 128 256 64 260 64 158 32 
550 128 648 128 390 64 314 64 432 128 572 128 522 128 752 256 680 128 304 64 
1346 512 138 32 476 128 426 128 606 128 758 256 1478 512 262 64 1618 512 512 128 
684 256 320 64 300 64 406 128 384 128 240 64 1750 512 934 256 568 128 250 64 