strucuture: 
16 256 2400 1600 800 400 400 200 200 100 4 
Average score: 567.84
std_dev: 258.445147759
Average score: 156.96
std_dev: 86.9521615603
326 64 564 128 498 128 462 128 830 256 410 128 332 128 564 128 440 128 176 32 
738 256 528 128 262 64 808 256 258 64 522 128 782 256 544 128 332 64 428 128 
554 128 1492 512 422 128 568 128 386 128 912 256 830 256 912 256 320 64 850 256 
474 128 524 128 994 256 550 128 714 256 400 128 544 128 402 128 290 64 420 128 
542 128 888 256 398 128 326 64 170 32 796 256 564 128 506 128 846 256 218 32 
758 256 502 128 1020 256 340 64 142 16 968 256 746 256 692 256 1092 256 294 64 
328 64 1044 256 158 32 544 128 896 256 708 256 242 64 342 64 478 128 568 128 
330 64 830 256 584 128 794 256 870 256 720 256 702 256 492 128 254 64 564 128 
1062 256 520 128 392 64 950 256 320 64 404 128 434 128 432 128 316 64 706 256 
312 64 878 256 468 128 284 64 414 128 892 256 334 64 1014 256 730 256 304 64 