strucuture: 
16 256 2400 1600 800 400 200 200 100 4 
Average score: 601.72
std_dev: 258.026203321
Average score: 172.8
std_dev: 99.6634336153
978 256 516 128 528 128 374 64 790 256 710 256 534 128 294 64 294 64 808 256 
1030 256 222 64 536 128 730 256 800 256 480 128 438 128 530 128 398 128 954 256 
374 64 1036 256 474 128 686 256 454 128 906 256 564 128 1462 512 366 64 484 128 
458 128 1000 256 460 128 314 64 622 256 538 128 432 128 796 256 660 128 934 256 
730 256 786 256 636 128 474 128 564 128 240 64 756 256 842 256 484 128 1218 512 
508 128 354 64 412 128 1004 256 150 32 1300 512 874 256 480 128 564 128 446 128 
1410 512 636 256 564 128 504 128 878 256 418 128 672 256 568 128 278 64 546 128 
264 32 512 128 564 128 760 256 414 128 790 256 284 64 560 128 492 128 504 128 
456 128 466 128 572 128 392 128 404 128 296 64 548 128 372 128 534 128 836 256 
476 128 490 128 266 64 772 256 266 64 716 256 888 256 860 256 854 256 304 64 