strucuture: 
16 256 2400 1600 800 400 400 400 200 200 100 4 
Average score: 606.2
std_dev: 288.580733938
Average score: 171.52
std_dev: 110.806902312
428 128 686 256 930 256 884 256 600 128 652 256 400 128 474 128 826 256 428 128 
1314 512 824 256 280 64 508 128 524 128 468 128 714 256 534 128 1414 512 296 64 
262 64 504 128 328 64 338 64 340 64 384 64 786 256 426 128 452 128 358 64 
372 64 980 256 846 256 310 64 272 64 734 256 500 128 872 256 376 64 566 128 
318 64 514 128 446 128 254 64 466 128 304 64 1028 256 1402 512 1110 256 884 256 
426 128 484 128 448 128 474 128 456 128 834 256 534 128 472 128 496 128 530 128 
898 256 696 256 556 128 1500 512 506 128 466 128 532 128 376 64 780 256 466 128 
720 256 566 128 792 256 326 64 550 128 460 128 454 128 584 128 308 64 498 128 
938 256 316 64 576 128 502 128 290 64 530 128 664 256 248 64 504 128 752 256 
812 256 572 128 1384 512 932 256 508 128 868 256 502 128 360 64 1588 512 670 128 