strucuture: 
16 256 2400 1600 800 400 200 200 100 4 
Average score: 543.12
std_dev: 267.895848419
Average score: 151.68
std_dev: 98.2790801748
572 128 506 128 378 128 374 64 528 128 444 128 546 128 620 128 262 64 326 64 
874 256 314 64 206 32 520 128 502 128 746 256 234 64 462 128 508 128 456 128 
422 128 854 256 584 128 448 128 306 64 548 128 502 128 872 256 750 256 748 256 
774 256 478 128 376 64 502 128 418 128 154 32 776 256 888 256 724 256 360 64 
284 64 472 128 250 64 888 256 554 128 504 128 784 256 732 128 760 256 440 128 
278 64 732 256 786 256 734 256 516 128 308 64 510 128 578 128 290 64 466 128 
328 64 390 64 194 32 464 128 442 128 344 64 258 64 782 256 426 128 320 64 
276 64 206 32 1550 512 378 64 504 128 782 256 822 256 888 256 436 128 516 128 
406 128 322 64 1596 512 318 64 698 256 748 256 1496 512 250 64 824 256 390 128 
504 128 318 64 166 32 434 128 824 256 820 256 872 256 476 128 604 128 212 32 