strucuture: 
16 256 2400 1600 800 400 400 200 200 100 4 
Average score: 582.08
std_dev: 290.780318454
Average score: 166.24
std_dev: 111.332755288
300 64 602 128 320 64 408 128 764 256 948 256 592 128 326 64 364 128 528 128 
250 64 478 128 314 64 916 256 278 64 1318 512 592 128 778 256 490 128 886 256 
472 128 326 64 304 64 472 128 450 128 820 256 388 64 544 128 426 128 250 64 
744 256 522 128 506 128 490 128 790 256 470 128 492 128 252 64 438 128 570 128 
1246 512 444 128 568 128 1334 512 576 128 920 256 884 256 530 128 286 64 352 64 
1680 512 822 256 432 128 1414 512 510 128 878 256 524 128 776 256 618 128 748 256 
900 256 752 256 522 128 502 128 432 128 904 256 782 256 592 128 930 256 250 64 
328 64 564 128 604 128 904 256 276 64 484 128 822 256 452 128 506 128 390 128 
494 128 108 16 372 128 304 64 292 64 508 128 1270 512 226 64 262 64 404 128 
402 128 488 128 420 128 1092 256 206 32 280 64 744 256 534 128 428 128 758 256 