strucuture: 
16 256 2400 1600 800 400 400 400 200 200 100 4 
Average score: 581.98
std_dev: 292.754708929
Average score: 163.52
std_dev: 103.087194161
758 256 340 64 730 256 282 64 1024 256 666 256 496 128 894 256 1528 512 766 256 
540 128 234 64 366 128 496 128 320 64 358 128 390 128 878 256 472 128 512 128 
408 128 312 64 1418 512 334 64 734 256 186 32 536 128 886 256 954 256 142 32 
328 64 706 256 480 128 654 128 530 128 476 128 288 64 436 128 182 32 496 128 
428 128 590 128 508 128 490 128 470 128 538 128 566 128 452 128 508 128 542 128 
272 64 530 128 636 256 716 256 998 256 512 128 872 256 564 128 378 128 456 128 
806 256 786 256 822 256 476 128 816 256 612 128 202 32 298 64 768 256 780 256 
190 32 790 256 394 128 260 64 516 128 436 128 374 64 564 128 850 256 340 64 
768 256 258 64 588 128 478 128 782 256 502 128 910 256 290 64 568 128 1120 256 
294 64 1692 512 346 64 1532 512 528 128 288 64 296 64 918 256 772 256 626 128 