strucuture: 
16 256 2400 1600 800 400 400 200 200 100 4 
Average score: 477.94
std_dev: 249.92022007
Average score: 134.24
std_dev: 94.7895690464
854 256 216 32 214 64 982 256 288 64 430 128 438 128 730 256 808 256 862 256 
256 64 952 256 326 64 178 32 376 64 868 256 198 32 478 128 162 32 342 64 
438 128 528 128 186 32 344 64 188 32 418 128 898 256 162 32 488 128 452 128 
724 256 298 64 566 128 252 64 1168 512 512 128 1332 512 118 16 448 128 534 128 
460 128 214 32 464 128 304 64 744 256 232 64 718 256 284 64 416 128 290 64 
404 128 760 256 458 128 314 64 652 256 278 64 290 64 908 256 786 256 290 64 
950 256 382 64 366 128 392 128 472 128 798 256 922 256 522 128 658 256 720 256 
888 256 316 64 292 64 426 128 436 128 432 128 312 64 474 128 246 64 374 128 
272 64 584 128 552 128 338 64 352 64 282 64 274 64 496 128 354 64 408 128 
254 64 390 128 320 64 892 256 272 64 272 64 172 32 532 128 812 256 310 64 