strucuture: 
16 256 2400 1600 800 400 400 400 200 200 100 4 
Average score: 536.18
std_dev: 245.072412972
Average score: 142.72
std_dev: 84.8356151625
364 64 502 128 340 64 480 128 818 256 428 128 490 128 480 128 292 64 208 32 
190 32 832 256 172 32 662 128 516 128 432 128 928 256 186 32 264 32 894 256 
232 64 362 64 514 128 708 256 702 256 584 128 264 64 550 128 734 256 222 32 
456 128 204 64 546 128 222 64 434 128 342 64 580 128 246 64 860 256 506 128 
184 32 570 128 972 256 194 32 446 128 706 256 404 128 880 256 906 256 536 128 
902 256 696 128 624 128 232 64 624 128 312 64 476 128 826 256 600 128 570 128 
1142 256 388 64 896 256 358 128 284 64 450 128 828 256 462 128 380 128 386 64 
752 256 776 256 844 256 286 64 876 256 554 128 480 128 540 128 274 64 562 128 
338 64 758 256 520 128 310 64 788 256 996 256 536 128 1398 512 260 64 860 256 
552 128 520 128 530 128 450 128 264 64 610 128 326 64 848 256 324 64 506 128 