strucuture: 
16 256 2400 1600 800 400 200 200 100 4 
Average score: 577.02
std_dev: 278.371621398
Average score: 169.12
std_dev: 113.459180325
402 128 924 256 680 256 434 64 368 64 768 256 670 256 1430 512 338 64 388 128 
808 256 404 128 1278 512 508 128 280 64 746 256 360 64 826 256 734 256 512 128 
766 256 564 128 224 32 882 256 446 128 984 256 524 128 148 32 972 256 322 64 
728 256 1216 512 318 64 1396 512 842 256 766 256 716 256 328 64 464 128 736 256 
766 256 464 128 486 128 542 128 426 128 396 128 438 128 412 128 1008 256 406 128 
260 64 318 64 524 128 404 128 916 256 426 128 798 256 172 32 476 128 774 256 
842 256 182 32 644 128 818 256 480 128 356 64 350 64 432 64 728 256 576 128 
650 256 426 128 298 64 200 32 468 128 506 128 420 64 290 64 392 64 744 256 
226 32 866 256 316 64 290 64 904 256 222 64 704 256 718 256 500 128 478 128 
364 64 898 256 90 16 270 64 872 256 396 64 638 128 792 256 1238 512 506 128 