strucuture: 
16 256 2400 1600 800 400 400 200 200 100 4 
Average score: 468.72
std_dev: 189.105583207
Average score: 119.04
std_dev: 66.5230666762
336 64 338 64 534 128 526 128 474 128 794 256 550 128 294 64 786 256 230 32 
444 128 170 32 498 128 496 128 232 32 246 64 522 128 798 256 646 256 234 64 
540 128 588 128 530 128 958 256 886 256 778 256 570 128 292 64 316 64 568 128 
402 128 568 128 514 128 288 64 166 32 422 64 278 64 496 128 262 64 408 128 
460 128 184 32 416 64 304 64 466 128 648 128 604 128 438 128 820 256 214 32 
156 32 490 128 288 64 450 128 568 128 566 128 540 128 308 64 480 128 310 64 
322 64 760 256 316 64 958 256 456 128 496 128 378 64 262 64 550 128 830 256 
322 64 562 128 332 64 402 128 300 64 464 128 474 128 338 64 354 64 530 128 
310 64 174 32 700 256 770 256 322 64 892 256 550 128 314 64 424 64 352 64 
606 128 476 128 352 64 274 64 508 128 494 128 432 128 392 128 536 128 900 256 