strucuture: 
16 256 2400 1600 800 400 200 200 100 4 
Average score: 494.04
std_dev: 247.388759648
Average score: 130.24
std_dev: 92.5242800566
892 256 386 128 112 16 456 128 278 64 272 64 522 128 488 128 606 128 470 128 
410 128 548 128 808 256 550 128 352 64 390 64 642 128 318 64 812 256 808 256 
480 128 508 128 718 256 308 64 280 64 528 128 280 64 844 256 404 64 402 64 
590 128 302 64 768 256 270 64 374 64 644 128 536 128 348 64 470 128 534 128 
308 64 330 64 656 256 158 16 474 128 244 32 772 256 278 64 444 128 248 64 
344 64 536 128 492 128 240 32 188 32 410 128 292 64 758 256 822 256 1554 512 
306 64 324 64 176 32 472 128 868 256 388 128 444 128 864 256 290 64 256 64 
236 32 290 64 686 256 384 64 210 32 800 256 346 64 494 128 332 64 768 256 
394 64 298 64 792 256 608 128 586 128 186 32 1508 512 510 128 888 256 764 256 
558 128 344 64 502 128 764 256 540 128 550 128 180 32 330 64 376 64 536 128 