strucuture: 
16 256 2400 1600 800 400 400 400 200 200 100 4 
Average score: 465.9
std_dev: 199.368076682
Average score: 124.0
std_dev: 70.6676729488
394 128 582 128 452 128 324 64 818 256 746 256 676 256 536 128 138 16 318 64 
176 32 200 32 454 128 960 256 456 128 568 128 442 128 386 64 444 128 276 64 
286 64 284 64 896 256 850 256 470 128 212 32 328 64 280 64 284 64 564 128 
450 128 164 32 484 128 276 64 320 64 604 128 178 32 336 64 490 128 916 256 
758 256 282 64 524 128 216 32 470 128 198 32 428 128 314 64 698 256 176 32 
330 64 490 128 624 128 406 128 426 128 526 128 774 256 572 128 360 64 504 128 
428 128 302 64 346 64 190 64 332 64 264 64 404 128 438 128 834 256 162 32 
382 128 864 256 300 64 318 64 568 128 916 256 610 256 612 128 276 64 534 128 
280 64 522 128 498 128 506 128 574 128 520 128 502 128 504 128 452 128 468 128 
418 128 840 256 430 128 244 64 554 128 866 256 450 128 728 256 710 256 350 64 