strucuture: 
16 256 2400 1600 800 400 400 200 200 100 4 
Average score: 634.02
std_dev: 293.457662364
Average score: 179.36
std_dev: 112.622157678
1560 512 868 256 268 64 810 256 502 128 288 64 444 128 460 128 332 64 456 128 
660 128 786 256 966 256 510 128 558 128 522 128 500 128 878 256 1442 512 292 64 
398 128 736 256 736 256 884 256 446 128 980 256 462 128 1240 512 794 256 856 256 
534 128 380 128 434 64 934 256 792 256 502 128 548 128 296 64 224 32 482 128 
296 64 704 256 950 256 564 128 208 32 582 128 552 128 498 128 768 256 842 256 
530 128 240 64 820 256 704 256 568 128 868 256 1264 512 480 128 1000 256 456 128 
704 256 488 128 980 256 1028 256 1384 512 794 256 670 128 240 32 302 64 448 64 
458 128 826 256 916 256 284 64 496 128 980 256 474 128 304 64 210 32 464 128 
120 16 520 128 594 128 388 64 870 256 454 128 482 128 480 128 702 256 294 64 
558 128 1332 512 580 128 562 128 1042 256 1028 256 438 128 896 256 540 128 418 128 