strucuture: 
16 256 2400 1600 800 400 400 400 200 200 100 4 
Average score: 547.46
std_dev: 289.367013324
Average score: 149.12
std_dev: 98.7572053068
698 256 458 128 732 256 476 128 478 128 286 64 448 128 672 128 662 128 902 256 
394 128 438 128 244 64 544 128 522 128 366 128 776 256 512 128 622 128 674 256 
870 256 506 128 526 128 234 64 140 32 1444 512 526 128 270 64 290 64 1108 256 
432 128 694 256 526 128 454 128 272 64 918 256 266 64 564 128 246 64 498 128 
412 128 644 128 792 256 980 256 358 64 392 64 188 32 462 128 298 64 1666 512 
1024 256 398 64 980 256 178 32 534 128 294 64 884 256 910 256 504 128 236 64 
874 256 434 128 798 256 1076 256 1328 512 466 128 640 256 468 128 288 64 210 32 
762 256 334 64 786 256 356 64 362 64 502 128 462 128 478 128 284 64 1030 256 
190 32 486 128 186 32 508 128 798 256 256 64 288 64 918 256 540 128 482 128 
454 128 174 32 160 32 884 256 526 128 562 128 480 128 262 64 556 128 276 64 