strucuture: 
16 256 2400 1600 800 400 200 200 100 4 
Average score: 491.98
std_dev: 218.976984179
Average score: 135.36
std_dev: 83.0281301729
242 64 474 128 730 256 842 256 312 64 554 128 286 64 680 256 766 256 722 128 
572 128 332 64 450 128 754 256 522 128 130 16 466 128 580 128 268 64 378 128 
762 256 560 128 492 128 888 256 342 64 280 64 300 64 440 128 808 256 178 32 
876 256 446 128 176 32 704 256 154 32 614 128 712 256 682 128 464 128 318 64 
312 64 476 128 436 128 282 64 524 128 184 32 338 64 266 64 510 128 616 256 
838 256 330 64 692 256 514 128 472 128 256 64 488 128 470 128 520 128 474 128 
528 128 732 256 468 128 490 128 860 256 428 128 192 32 902 256 300 64 472 128 
310 64 872 256 270 64 488 128 620 128 110 16 474 128 156 32 1302 512 784 256 
462 128 594 128 282 64 884 256 640 256 254 64 272 64 290 64 844 256 518 128 
482 128 446 128 536 128 388 64 562 128 292 64 266 64 540 128 348 128 286 64 