strucuture: 
16 256 2400 1600 800 400 400 200 200 100 4 
Average score: 423.42
std_dev: 160.69929558
Average score: 109.12
std_dev: 52.7941814976
336 64 492 128 616 128 264 64 396 128 390 128 442 128 520 128 818 256 536 128 
370 64 438 128 334 64 314 64 348 64 162 32 280 64 454 128 512 128 374 128 
410 128 528 128 464 128 484 128 346 64 532 128 514 128 340 64 258 64 458 128 
516 128 288 64 300 64 316 64 540 128 488 128 476 128 330 64 354 64 378 128 
408 128 452 128 244 64 504 128 200 32 680 128 242 64 266 64 430 128 486 128 
454 128 566 128 856 256 188 32 546 128 696 256 440 128 422 128 490 128 438 128 
230 64 294 64 188 32 542 128 254 64 190 32 270 64 418 128 462 128 280 64 
252 64 228 64 292 64 238 32 254 64 178 32 812 256 414 128 612 128 644 128 
516 128 446 128 288 64 278 64 904 256 470 128 480 128 296 64 484 128 276 64 
406 128 304 64 448 128 572 128 334 64 440 128 416 128 806 256 910 256 492 128 