strucuture: 
16 256 2400 1600 800 400 200 200 100 4 
Average score: 512.7
std_dev: 172.606459902
Average score: 129.44
std_dev: 58.8354179045
462 128 504 128 600 128 498 128 782 256 332 64 754 256 338 64 620 128 492 128 
544 128 406 128 644 128 604 128 534 128 268 64 572 128 326 64 404 128 560 128 
892 256 516 128 916 256 638 128 518 128 562 128 418 64 342 64 814 256 552 128 
470 128 358 64 290 64 652 256 224 32 936 256 634 128 408 128 460 128 584 128 
502 128 708 128 684 256 340 64 944 256 598 128 542 128 284 64 380 128 464 128 
598 128 620 128 318 64 460 128 304 64 492 128 438 128 526 128 674 128 438 128 
594 128 242 64 788 256 120 16 700 256 470 128 482 128 364 128 478 128 286 64 
508 128 344 64 226 32 262 64 912 256 328 64 496 128 854 256 432 128 534 128 
566 128 482 128 612 128 536 128 612 128 466 128 314 64 554 128 570 128 588 128 
632 128 512 128 630 128 336 64 490 128 404 128 274 64 262 64 794 256 474 128 