strucuture: 
16 256 2400 1600 800 400 400 400 200 200 100 4 
Average score: 664.52
std_dev: 276.360289477
Average score: 188.8
std_dev: 110.989729255
488 128 530 128 834 256 600 128 1084 256 554 128 830 256 522 128 968 256 744 256 
346 64 788 256 894 256 304 64 604 128 1470 512 916 256 1346 512 650 128 520 128 
652 128 622 128 412 128 414 128 478 128 860 256 468 128 794 256 432 128 564 128 
906 256 506 128 834 256 292 64 728 256 506 128 884 256 1320 512 276 64 882 256 
488 128 640 128 1500 512 368 64 878 256 366 64 820 256 278 64 378 64 556 128 
430 128 494 128 418 128 548 128 790 256 854 256 872 256 672 256 514 128 432 128 
412 128 826 256 542 128 606 128 672 128 1074 256 792 256 1432 512 646 128 548 128 
648 256 306 64 756 256 568 128 796 256 614 128 460 128 1396 512 472 128 768 256 
278 64 824 256 668 128 540 128 310 64 502 128 764 256 492 128 876 256 588 128 
474 128 440 128 620 128 1396 512 592 128 516 128 496 128 722 256 432 128 470 128 