strucuture: 
16 256 2400 1600 800 400 200 200 100 4 1 1 1 1 1 1 1 1 1 1 
128
[64  8  4  2] [64  8  4  2] [64  8  4  2] [64  8  4  2] 
[128  64  32  16] [128  64  32  16] [128  64  32  16] [128  64  32  16] 
[64 32 16  4] [64 32 16  4] [64 32 16  4] [64 32 16  4] 
[32  8  4  2] [32  8  4  2] [32  8  4  2] [32  8  4  2] 

64
[2 8 2 4] [2 8 2 4] [2 8 2 4] [2 8 2 4] 
[ 8  4 16 64] [ 8  4 16 64] [ 8  4 16 64] [ 8  4 16 64] 
[ 4  2  4 16] [ 4  2  4 16] [ 4  2  4 16] [ 4  2  4 16] 
[2 4 8 2] [2 4 8 2] [2 4 8 2] [2 4 8 2] 

128
[ 2 64  4  2] [ 2 64  4  2] [ 2 64  4  2] [ 2 64  4  2] 
[ 16 128  16   8] [ 16 128  16   8] [ 16 128  16   8] [ 16 128  16   8] 
[128  32   8   4] [128  32   8   4] [128  32   8   4] [128  32   8   4] 
[32  8  4  2] [32  8  4  2] [32  8  4  2] [32  8  4  2] 

256
[64 16  8  4] [64 16  8  4] [64 16  8  4] [64 16  8  4] 
[256  64  32   8] [256  64  32   8] [256  64  32   8] [256  64  32   8] 
[64 32 16  4] [64 32 16  4] [64 32 16  4] [64 32 16  4] 
[32 16  8  2] [32 16  8  2] [32 16  8  2] [32 16  8  2] 

128
[  2 128   4   2] [  2 128   4   2] [  2 128   4   2] [  2 128   4   2] 
[128  32  16   8] [128  32  16   8] [128  32  16   8] [128  32  16   8] 
[64 16  8  4] [64 16  8  4] [64 16  8  4] [64 16  8  4] 
[16  8  4  2] [16  8  4  2] [16  8  4  2] [16  8  4  2] 

128
[128   4  32   8] [128   4  32   8] [128   4  32   8] [128   4  32   8] 
[64 32 16  4] [64 32 16  4] [64 32 16  4] [64 32 16  4] 
[32 16  4  2] [32 16  4  2] [32 16  4  2] [32 16  4  2] 
[16  8  2  4] [16  8  2  4] [16  8  2  4] [16  8  2  4] 

128
[ 16 128  32   2] [ 16 128  32   2] [ 16 128  32   2] [ 16 128  32   2] 
[ 2 32 16  4] [ 2 32 16  4] [ 2 32 16  4] [ 2 32 16  4] 
[32 16  8 16] [32 16  8 16] [32 16  8 16] [32 16  8 16] 
[16  4  2  4] [16  4  2  4] [16  4  2  4] [16  4  2  4] 

256
[ 8 64 32  4] [ 8 64 32  4] [ 8 64 32  4] [ 8 64 32  4] 
[256  32  16   2] [256  32  16   2] [256  32  16   2] [256  32  16   2] 
[64 16  8  4] [64 16  8  4] [64 16  8  4] [64 16  8  4] 
[16  8  4  2] [16  8  4  2] [16  8  4  2] [16  8  4  2] 

128
[64  4 32  2] [64  4 32  2] [64  4 32  2] [64  4 32  2] 
[128  64  16   8] [128  64  16   8] [128  64  16   8] [128  64  16   8] 
[64 16  8  4] [64 16  8  4] [64 16  8  4] [64 16  8  4] 
[16  8  4  2] [16  8  4  2] [16  8  4  2] [16  8  4  2] 

64
[16  8  4  2] [16  8  4  2] [16  8  4  2] [16  8  4  2] 
[32  2 16  8] [32  2 16  8] [32  2 16  8] [32  2 16  8] 
[ 8 64 32  4] [ 8 64 32  4] [ 8 64 32  4] [ 8 64 32  4] 
[32 16  8  2] [32 16  8  2] [32 16  8  2] [32 16  8  2] 

