strucuture: 
16 256 2400 1600 800 400 200 200 100 4 1 1 1 1 1 1 1 1 1 1 
64
[ 4  2 32  2] [ 4  2 32  2] [ 4  2 32  2] [ 4  2 32  2] 
[64 32 16  8] [64 32 16  8] [64 32 16  8] [64 32 16  8] 
[32 16  8  4] [32 16  8  4] [32 16  8  4] [32 16  8  4] 
[16  8  4  2] [16  8  4  2] [16  8  4  2] [16  8  4  2] 

128
[ 2  4 32  2] [ 2  4 32  2] [ 2  4 32  2] [ 2  4 32  2] 
[128  32  16   8] [128  32  16   8] [128  32  16   8] [128  32  16   8] 
[32 16  8  4] [32 16  8  4] [32 16  8  4] [32 16  8  4] 
[16  8  4  2] [16  8  4  2] [16  8  4  2] [16  8  4  2] 

128
[ 4 64  4  2] [ 4 64  4  2] [ 4 64  4  2] [ 4 64  4  2] 
[ 32 128   8   4] [ 32 128   8   4] [ 32 128   8   4] [ 32 128   8   4] 
[16  2 32  8] [16  2 32  8] [16  2 32  8] [16  2 32  8] 
[ 2 16  4  2] [ 2 16  4  2] [ 2 16  4  2] [ 2 16  4  2] 

64
[2 8 2 4] [2 8 2 4] [2 8 2 4] [2 8 2 4] 
[ 4 64 16  2] [ 4 64 16  2] [ 4 64 16  2] [ 4 64 16  2] 
[16  2 32  8] [16  2 32  8] [16  2 32  8] [16  2 32  8] 
[ 4 64  4  2] [ 4 64  4  2] [ 4 64  4  2] [ 4 64  4  2] 

128
[  2 128   4   2] [  2 128   4   2] [  2 128   4   2] [  2 128   4   2] 
[128  64  16   8] [128  64  16   8] [128  64  16   8] [128  64  16   8] 
[64 32  4  2] [64 32  4  2] [64 32  4  2] [64 32  4  2] 
[16  4  2  4] [16  4  2  4] [16  4  2  4] [16  4  2  4] 

128
[16  4 16 64] [16  4 16 64] [16  4 16 64] [16  4 16 64] 
[  8  16  64 128] [  8  16  64 128] [  8  16  64 128] [  8  16  64 128] 
[ 4  8 32 64] [ 4  8 32 64] [ 4  8 32 64] [ 4  8 32 64] 
[ 2  4  8 16] [ 2  4  8 16] [ 2  4  8 16] [ 2  4  8 16] 

256
[256  32  16   2] [256  32  16   2] [256  32  16   2] [256  32  16   2] 
[32  4 32  8] [32  4 32  8] [32  4 32  8] [32  4 32  8] 
[64 32  8  2] [64 32  8  2] [64 32  8  2] [64 32  8  2] 
[32  4  2  4] [32  4  2  4] [32  4  2  4] [32  4  2  4] 

128
[128   4  64   2] [128   4  64   2] [128   4  64   2] [128   4  64   2] 
[64 32 16  8] [64 32 16  8] [64 32 16  8] [64 32 16  8] 
[32 16  8  4] [32 16  8  4] [32 16  8  4] [32 16  8  4] 
[16  8  4  2] [16  8  4  2] [16  8  4  2] [16  8  4  2] 

64
[ 2 64  8  2] [ 2 64  8  2] [ 2 64  8  2] [ 2 64  8  2] 
[ 4 32 64  4] [ 4 32 64  4] [ 4 32 64  4] [ 4 32 64  4] 
[32  8  4  8] [32  8  4  8] [32  8  4  8] [32  8  4  8] 
[ 2  4  2 16] [ 2  4  2 16] [ 2  4  2 16] [ 2  4  2 16] 

128
[ 4  8  2 64] [ 4  8  2 64] [ 4  8  2 64] [ 4  8  2 64] 
[  8  16  32 128] [  8  16  32 128] [  8  16  32 128] [  8  16  32 128] 
[16  4 64 32] [16  4 64 32] [16  4 64 32] [16  4 64 32] 
[ 4 32 16  2] [ 4 32 16  2] [ 4 32 16  2] [ 4 32 16  2] 

