strucuture: 
16 256 2400 1600 800 400 400 200 200 100 4 1 1 1 1 1 1 1 1 1 1 
128
[2 8 2 4] [2 8 2 4] [2 8 2 4] [2 8 2 4] 
[16 32 16  8] [16 32 16  8] [16 32 16  8] [16 32 16  8] 
[128   4   2   4] [128   4   2   4] [128   4   2   4] [128   4   2   4] 
[8 2 4 2] [8 2 4 2] [8 2 4 2] [8 2 4 2] 

256
[64  8  4  2] [64  8  4  2] [64  8  4  2] [64  8  4  2] 
[256  64  32   8] [256  64  32   8] [256  64  32   8] [256  64  32   8] 
[64 16  8  4] [64 16  8  4] [64 16  8  4] [64 16  8  4] 
[32  8  4  2] [32  8  4  2] [32  8  4  2] [32  8  4  2] 

64
[64 32  2 16] [64 32  2 16] [64 32  2 16] [64 32  2 16] 
[32  2 16  4] [32  2 16  4] [32  2 16  4] [32  2 16  4] 
[16  8  4  2] [16  8  4  2] [16  8  4  2] [16  8  4  2] 
[8 4 2 4] [8 4 2 4] [8 4 2 4] [8 4 2 4] 

64
[64  8  4  2] [64  8  4  2] [64  8  4  2] [64  8  4  2] 
[ 8 64 16  8] [ 8 64 16  8] [ 8 64 16  8] [ 8 64 16  8] 
[ 2 16  8  4] [ 2 16  8  4] [ 2 16  8  4] [ 2 16  8  4] 
[16  8  4  2] [16  8  4  2] [16  8  4  2] [16  8  4  2] 

128
[2 4 2 4] [2 4 2 4] [2 4 2 4] [2 4 2 4] 
[ 4 16  4 16] [ 4 16  4 16] [ 4 16  4 16] [ 4 16  4 16] 
[ 16 128  16   4] [ 16 128  16   4] [ 16 128  16   4] [ 16 128  16   4] 
[64  8  4  2] [64  8  4  2] [64  8  4  2] [64  8  4  2] 

128
[32  4 32 16] [32  4 32 16] [32  4 32 16] [32  4 32 16] 
[128  64  16   8] [128  64  16   8] [128  64  16   8] [128  64  16   8] 
[32 16  8  4] [32 16  8  4] [32 16  8  4] [32 16  8  4] 
[16  8  4  2] [16  8  4  2] [16  8  4  2] [16  8  4  2] 

64
[ 2 16  4  2] [ 2 16  4  2] [ 2 16  4  2] [ 2 16  4  2] 
[ 4 64 32 16] [ 4 64 32 16] [ 4 64 32 16] [ 4 64 32 16] 
[64 16  2  4] [64 16  2  4] [64 16  2  4] [64 16  2  4] 
[8 2 8 2] [8 2 8 2] [8 2 8 2] [8 2 8 2] 

128
[16  8  4  2] [16  8  4  2] [16  8  4  2] [16  8  4  2] 
[ 2 16 32 16] [ 2 16 32 16] [ 2 16 32 16] [ 2 16 32 16] 
[  4 128   2   4] [  4 128   2   4] [  4 128   2   4] [  4 128   2   4] 
[16  8  4  2] [16  8  4  2] [16  8  4  2] [16  8  4  2] 

64
[2 8 4 2] [2 8 4 2] [2 8 4 2] [2 8 4 2] 
[4 2 8 4] [4 2 8 4] [4 2 8 4] [4 2 8 4] 
[ 8 32 16  8] [ 8 32 16  8] [ 8 32 16  8] [ 8 32 16  8] 
[64  8  4  2] [64  8  4  2] [64  8  4  2] [64  8  4  2] 

128
[128   8   4   2] [128   8   4   2] [128   8   4   2] [128   8   4   2] 
[32  2 32 16] [32  2 32 16] [32  2 32 16] [32  2 32 16] 
[16  4  2  4] [16  4  2  4] [16  4  2  4] [16  4  2  4] 
[8 2 4 2] [8 2 4 2] [8 2 4 2] [8 2 4 2] 

